nodes
47.0
171.0
63.0
63.0
72.0
200.0
53.0
84.0
53.0
11.0
29.0
15.0
29.0
68.0
59.0
77.0
1.0
122.0
31.0
1.0
25.0
227.0
109.0
59.0
279.0
82.0
235.0
52.0
470.0
35.0
5.0
317.0
67.0
135.0
175.0
61.0
198.0
194.0
11.0
109.0
104.0
109.0
101.0
127.0
109.0
37.0
19.0
69.0
49.0
169.0
29.0
136.0
109.0
60.0
47.0
173.0
305.0
67.0
31.0
165.0
29.0
52.0
78.0
324.0
21.0
123.0
21.0
46.0
67.0
49.0
59.0
17.0
107.0
85.0
43.0
25.0
33.0
25.0
83.0
40.0
79.0
99.0
63.0
69.0
157.0
184.0
105.0
342.0
69.0
154.0
298.0
131.0
69.0
109.0
60.0
51.0
339.0
53.0
104.0
109.0
181.0
97.0
19.0
125.0
24.0
87.0
191.0
105.0
61.0
88.0
128.0
73.0
23.0
73.0
233.0
29.0
121.0
11.0
23.0
39.0
181.0
27.0
3.0
162.0
214.0
19.0
45.0
260.0
37.0
127.0
43.0
45.0
22.0
362.0
27.0
272.0
63.0
80.0
27.0
41.0
49.0
87.0
111.0
164.0
40.0
86.0
93.0
110.0
204.0
171.0
97.0
97.0
53.0
13.0
131.0
97.0
13.0
101.0
207.0
155.0
330.0
341.0
31.0
149.0
57.0
5.0
181.0
63.0
91.0
83.0
31.0
69.0
57.0
35.0
56.0
112.0
33.0
21.0
73.0
131.0
73.0
105.0
53.0
35.0
129.0
152.0
125.0
23.0
177.0
109.0
49.0
29.0
95.0
43.0
97.0
49.0
82.0
134.0
176.0
51.0
36.0
41.0
40.0
95.0
125.0
59.0
71.0
39.0
71.0
59.0
73.0
53.0
81.0
89.0
107.0
79.0
13.0
154.0
41.0
183.0
69.0
449.0
65.0
39.0
61.0
45.0
45.0
49.0
91.0
21.0
63.0
54.0
13.0
143.0
135.0
112.0
15.0
47.0
87.0
33.0
61.0
169.0
109.0
93.0
117.0
82.0
137.0
31.0
115.0
73.0