time
1.8633469999999999
1.8962409999999996
1.644223
1.254674
1.1936590000000002
1.7660730000000002
1.3803569999999996
1.8587759999999998
1.6826099999999997
1.0665989999999999
1.3954979999999997
1.2417569999999998
1.1819640000000002
1.6016059999999994
1.8565800000000001
1.5413079999999995
0.729606
1.4568599999999998
1.4267270000000005
0.558145
1.4819290000000003
2.6260890000000012
1.6499570000000006
1.6187540000000005
2.689747
1.6634350000000002
3.0093739999999998
1.5040010000000006
3.4531709999999984
1.3375619999999997
1.0825649999999998
2.838444999999999
1.2380280000000006
2.0398080000000003
1.7414019999999992
1.6629950000000002
2.4281730000000006
1.9746709999999996
1.281623
1.7940800000000006
2.2065989999999993
1.935116
1.6431209999999998
2.2129910000000015
1.8380039999999995
1.3813600000000004
1.529023
1.5043989999999998
1.2450119999999993
2.0430579999999994
1.5802749999999999
1.8208520000000004
1.677543000000001
1.4014299999999995
1.7832159999999997
1.7363039999999994
3.5219479999999996
1.6283619999999996
1.2121919999999997
1.63898
1.0605889999999998
1.2160229999999999
1.762031
2.943381
1.0370439999999999
1.599992
1.502456
1.492715
1.4177010000000003
1.7265080000000004
1.455526
1.2348220000000003
1.835088
1.8839049999999995
1.3835089999999999
1.014259
1.2826320000000002
1.3250840000000002
1.6456019999999998
1.375229
1.9235980000000001
1.8517380000000003
1.4828320000000004
1.252023
1.6550689999999992
2.4757340000000014
1.5549859999999998
3.0808860000000005
1.650945
2.274319999999999
2.8491299999999984
1.4336780000000002
1.9254079999999998
2.2382989999999996
1.8132269999999997
1.4387909999999993
2.871403999999999
1.5035600000000002
1.6660280000000003
2.1121919999999994
2.0868000000000007
1.5747870000000008
1.4933440000000004
2.0564270000000002
1.26431
1.6501499999999996
1.5469039999999996
1.7507360000000003
1.907133
1.4663999999999997
1.9432000000000007
1.2755320000000003
1.495234
1.4275799999999996
2.359117000000001
1.1854079999999994
1.84793
1.31213
1.227549
1.6658689999999998
1.727515
1.398754
1.043048
1.6975259999999999
2.399152000000001
1.198824
1.593593
2.1562839999999994
0.9549739999999999
1.7905539999999995
1.3943299999999998
1.217144
1.1239720000000002
2.210620000000001
1.1879269999999997
2.3117570000000005
1.601006
1.4949829999999997
1.3773939999999993
1.4896879999999995
1.8462210000000001
1.6030909999999996
1.738884
2.575006
1.486059
1.7468720000000004
1.832094
1.6170129999999998
1.7608840000000003
2.066821000000001
1.8265590000000005
1.9888620000000006
1.5535220000000007
1.4280539999999997
1.6880030000000001
1.4485920000000003
0.9758749999999999
1.9228460000000003
2.134397
1.9336069999999999
3.2768559999999987
2.8711960000000007
1.203034
2.2379080000000005
1.4887309999999998
1.1041650000000003
2.0287330000000003
1.4544679999999999
1.6132849999999999
1.577399
1.1175220000000003
1.6313530000000005
1.5887619999999998
1.201425
1.503773
1.772165
1.4555429999999998
1.3195259999999993
1.5809410000000004
1.822004
1.9856779999999996
1.5601530000000006
1.5610630000000003
1.260275
1.7837180000000001
2.0277260000000004
1.9720190000000004
1.3195499999999996
1.8698610000000007
1.9027579999999997
1.3039199999999997
1.296232
1.8857189999999997
1.08527
2.007697999999999
1.4432959999999997
1.3549780000000002
1.9012630000000001
1.8903679999999994
1.3833250000000006
1.2906690000000003
1.2314259999999992
1.5250380000000001
1.4968460000000003
1.9028659999999997
1.28276
1.8449450000000012
1.3732439999999997
1.6686709999999993
1.149592
1.7044400000000004
1.3703349999999996
1.7493800000000002
1.769744
1.9434210000000003
1.5659159999999996
1.0101580000000001
1.9382720000000002
1.503016
1.7892990000000004
1.945104
4.275085
1.6433040000000003
1.5116940000000003
1.4370280000000002
1.2470799999999995
1.3257400000000001
1.6572160000000007
1.5361440000000002
1.104233
1.4605249999999996
1.3503159999999996
0.9423159999999999
2.3119579999999984
2.0631539999999995
2.210734000000001
1.1338260000000002
1.168305
1.4734129999999994
1.3852150000000003
1.733627000000001
2.2526969999999995
1.489258
1.809118
1.8155790000000003
2.5083200000000003
2.0606250000000013
1.296601
1.4086630000000004
1.458256